23.6059 15.7418 13.5785 1.03476 -0.0556352 9 131044 10240 
23.3535 6.82818 13.5785 1.47 -0.272607 3 41552 2560 
23.953 15.7418 13.8397 0.981613 -0.0556352 6 82084 5632 
23.3576 7.25854 13.8397 0.981613 -0.0556352 15 202244 14848 
23.3535 6.82818 13.5785 1.11432 -0.272607 9 120672 8704 
23.3535 6.82818 13.5785 1.944 -0.538804 6 79600 6144 
23.3535 6.82818 13.9562 1.11432 -0.402692 6 79488 5632 
23.3576 7.29685 13.7675 1.11432 -0.0556352 6 76424 5632 
23.3576 7.29685 13.5785 1.11432 -0.402692 27 339216 24320 
23.3576 7.25854 13.5785 1.37994 -0.0556352 24 292944 20480 
23.6059 15.7418 14.9822 1.11432 -0.402692 3 36016 2560 
23.3535 6.82818 13.9562 1.11432 -0.402692 27 313120 22016 
23.3576 7.25854 14.5329 0.802469 -0.272607 27 311768 22528 
28.142 15.7418 21.9602 1.11432 -0.402692 6 69532 5120 
23.4451 6.82818 13.5785 1.03476 -0.0556352 9 102740 7168 
23.6059 15.7418 13.9562 1.11432 -0.402692 6 67608 5120 
23.3576 7.25854 14.5329 0.802469 -0.272607 9 99196 8192 
23.3576 7.25854 13.5785 1.37994 -0.0556352 9 99448 7424 
28.142 7.25854 14.5329 0.802469 -0.272607 3 33056 2304 
23.3576 7.25854 13.5785 1.37994 -0.0556352 3 33096 2048 
23.3535 6.82818 13.5785 1.11432 -0.402692 27 288104 22016 
23.3535 6.82818 13.5785 1.47 -0.272607 6 63196 4864 
23.3535 6.82818 14.5329 0.802469 -0.272607 3 30324 2560 
23.3535 6.82818 13.5785 1.65236 -0.0556352 12 122236 8448 
23.3535 6.82818 13.5785 1.47 -0.272607 24 240560 17408 
23.3535 6.82818 13.5785 1.47 -0.272607 9 90740 6656 
23.4451 6.82818 13.5785 1.03476 -0.0556352 3 29896 2048 
23.3576 15.7418 21.9602 1.79604 -0.0878018 3 28076 2560 
23.4451 6.82818 13.5785 1.03476 -0.0556352 6 55464 3840 
23.3535 6.82818 13.5785 3.0193 -0.403302 3 27228 2048 
23.3535 6.82818 13.9562 1.11432 -0.402692 3 26756 2048 
23.3576 6.82818 13.5785 1.03476 -0.0556352 6 51400 3584 
7.57317 17.1357 3.34056 -0.348186 0.219275 3 25204 1792 
2.4285 6.82818 13.9562 1.11432 -0.402692 3 23448 2048 
23.4451 6.82818 13.5785 1.03476 -0.0556352 6 47100 3328 
15.8827 -0.37843 1.73238 -2.80462 -1.83853 6 44312 3328 
13.5975 25.8522 21.2612 2.50652 -1.36427 3 21340 1536 
2.4285 6.82818 13.9562 1.11432 -0.402692 6 41520 2816 
23.3535 6.82818 13.5785 1.11432 -1.67794 3 17848 1280 
23.4451 6.82818 13.5785 1.30073 -1.67794 3 17840 1280 
23.3576 7.25854 13.9562 1.11432 -0.0857418 3 17436 1280 
15.8827 -0.37843 1.73238 -2.80462 -1.83853 3 17400 1280 
6.99271 12.7218 0.467544 -0.436811 0.251503 3 16828 1280 
23.3576 7.25854 13.5785 1.37994 -0.538804 6 33036 2304 
8.67183 28.6937 25.9305 2.97638 0.370708 3 12004 896 
23.6059 15.7418 14.9822 -2.70702 2.3679 6 21972 2048 
41.586 3.41334 28.8681 1.5884 -2.70757 3 9832 896 
23.3576 6.63764 13.5785 1.03476 2.19523 3 7092 704 
23.3118 7.29685 13.5785 1.03476 2.73852 3 6684 640 
-3.54167 -2.58812 25.0612 2.6054 2.45341 3 2160 224 
