16.699 -17.9319 4.64263 4.97414 -2.47108 3 40828 3072 
16.699 -17.9319 4.64263 -7.38945 -3.7669 3 33872 2560 
16.699 -17.9319 4.64263 -8.13837 -3.10577 3 32696 2560 
16.1481 -5.64058 0.0144963 2.47902 -3.7669 12 124960 9472 
-8.79925 -8.41319 16.0993 -8.1877 -3.7669 3 29792 2048 
16.1481 -5.64058 0.0144963 1.6129 -3.10577 3 29588 2304 
-3.95291 0.331889 17.8449 -7.38945 0.549638 3 29516 2560 
16.699 -17.9319 4.64263 -7.38945 0.549638 30 290412 22912 
16.699 -17.9319 4.64263 4.96323 -2.38272 6 56776 4608 
16.1775 7.66549 7.79672 -9.83642 -2.47108 9 85136 6656 
16.1481 -5.64058 4.64263 -7.38945 0.549638 9 84288 6400 
16.699 -17.9319 4.64263 4.97414 -3.10577 6 52572 3840 
16.1775 -17.9319 4.64263 -7.38945 0.549638 3 26224 2048 
16.699 -17.9319 4.64263 -7.38945 0.549638 6 52404 4096 
16.699 -8.41319 16.0993 -8.13837 -3.7669 12 104500 8192 
16.1775 -8.41319 0.0144963 2.47902 4.45845 3 25612 2048 
16.1775 -8.41319 16.0993 -8.13837 -3.10577 12 101196 8192 
16.1775 -8.41319 16.0993 -8.13837 -3.75509 6 48500 3840 
16.1481 -5.64058 4.64263 -9.11924 -8.22871 9 71992 5632 
16.1481 -5.64058 0.0144963 2.47902 4.45845 33 261372 19584 
16.1775 -8.41319 16.0993 -8.13837 -3.7669 9 68924 5632 
-8.79925 -8.41319 16.0993 -8.1877 -3.7669 9 67076 5120 
16.699 -17.9319 4.64263 -7.38945 -3.7669 6 43408 3328 
16.1481 -5.64058 0.0144963 2.47902 -3.7669 3 21504 1536 
12.991 4.03531 16.0993 -8.1877 -3.7669 6 42792 3328 
16.699 -17.9319 4.64263 4.96323 -3.7669 3 21392 1536 
-12.0434 -22.528 12.3058 -7.38945 -3.7669 3 21328 1792 
16.1481 -5.64058 0.0144963 2.47902 -3.78273 9 63716 5376 
16.1775 -8.41319 16.0993 -8.13837 -3.10577 3 21164 1536 
16.1481 -5.73094 4.64263 -7.38945 0.549638 3 20436 1536 
16.1481 -5.64058 0.0144963 1.6129 -3.61309 9 61116 4864 
-8.79925 -8.41319 16.0993 -8.1877 -3.7669 6 39964 3072 
-3.95291 0.331889 17.8449 -7.38322 -3.7669 3 19904 1792 
-3.95291 -8.41319 16.0993 -8.13837 -3.75509 3 19552 1536 
16.699 -17.9319 4.64263 -8.1877 -3.7669 3 19408 1280 
-12.0434 -17.9319 4.64263 -7.38945 0.549638 3 19208 1664 
-3.95291 0.331889 17.8449 -8.13837 -3.7669 18 113500 9344 
-12.0434 -22.528 12.3058 -7.38945 -3.7669 6 37140 2816 
-8.79925 -8.41319 16.0993 -8.13837 -3.7669 3 17780 1280 
16.699 -17.9319 4.64263 -7.38945 -3.73652 3 16928 1280 
16.1775 -8.41319 16.0993 -8.1877 -3.74622 3 16484 1280 
16.0514 -5.64058 0.0144963 2.47902 4.45845 3 15812 1280 
16.1481 -5.64058 4.64263 2.47902 -3.7669 3 15584 1280 
-12.0628 -8.41319 16.0993 -8.13837 -3.7669 3 14508 1024 
16.699 -5.64058 4.64263 -9.11924 -8.22871 3 14136 1024 
-12.0434 -17.9319 4.64263 -7.38945 0.549638 6 27796 2432 
-3.95291 0.331889 4.64263 -9.11457 -8.22871 3 13408 1280 
16.699 -8.41319 16.0993 -8.13837 -3.7669 3 12380 1152 
-8.79925 -8.41319 16.0993 4.97414 -3.10577 3 2832 256 
-8.79925 -8.41319 16.0993 2.47902 4.45845 3 840 96 
