16.699 -17.9319 4.64263 4.96323 -2.38272 3 36840 3072 
16.699 -8.49798 16.0993 -8.1877 -3.7669 3 33776 2560 
16.699 -17.9319 4.64263 -7.38945 -3.7669 3 33456 2560 
16.699 -17.9319 4.64263 4.97414 -2.47108 6 62888 4608 
-8.79925 -8.41319 16.0993 -8.1877 -3.7669 6 61364 4608 
16.1481 -5.64058 4.64263 -7.38945 0.549638 12 117668 8960 
16.699 -17.9319 4.64263 -7.38945 0.549638 33 319280 24960 
-3.95291 0.331889 17.8449 -7.38945 0.549638 6 57508 5120 
16.699 -17.9319 4.64263 -7.38945 -3.7669 6 55264 4096 
-8.79925 -8.41319 16.0993 -8.1877 -3.7669 3 27236 2048 
16.699 -17.9319 4.64263 4.96323 -2.38272 9 79592 6400 
16.1481 -5.64058 4.64263 -9.11924 -3.10577 3 26508 1792 
16.699 0.331889 17.8449 -7.38945 0.549638 3 26200 2048 
16.699 -17.9319 4.64263 -7.38945 -3.7669 3 26092 2048 
16.699 -17.9319 4.64263 4.97414 -3.10577 9 77292 5888 
16.699 -17.9319 4.64263 4.97414 -3.7669 3 24956 2048 
16.699 -17.8797 4.64263 -8.13837 -3.7669 3 24808 2048 
16.699 -17.9319 4.64263 -8.13837 -3.10577 6 49624 3840 
16.699 -17.9319 4.64263 4.97414 -3.10577 3 24948 1792 
16.699 -17.9319 0.0144963 1.6129 -3.61309 3 24576 2048 
16.699 -17.9319 4.64263 -7.38945 0.549638 9 73676 5632 
16.1481 -5.64058 0.0144963 1.6129 -3.10577 3 24380 2048 
16.1775 -17.9319 4.64263 -7.38945 0.549638 6 47984 3840 
16.1775 -8.41319 16.0993 -8.13837 -3.10577 15 115392 9472 
16.699 -17.9319 4.64263 -7.38945 -3.7669 9 68928 5376 
16.1481 -5.64058 0.0144963 1.6129 -3.61309 3 22912 1792 
16.1481 -5.64058 0.0144963 1.6129 -3.61309 12 90636 7040 
16.1481 -5.64058 4.64263 -9.11924 -8.22871 12 87340 6912 
16.1775 -8.41319 16.0993 -8.13837 -3.75509 9 60360 4864 
16.1481 -5.64058 0.0144963 -7.38945 -3.7669 3 20096 1536 
16.1481 -5.64058 0.0144963 2.47902 -3.7669 6 38796 3072 
16.699 -17.9521 4.64263 4.97414 -3.10577 3 18084 1536 
-8.79925 -8.41319 16.0993 -8.1877 -3.7669 9 53200 4096 
-8.79925 -17.9319 4.64263 -7.38945 0.549638 3 17416 1536 
16.699 -8.41319 16.0993 -8.11737 -3.75509 3 17660 1280 
16.6136 -17.9319 4.64263 4.97414 -3.10577 3 17400 1280 
16.699 -17.9319 4.64263 -7.38945 -3.10577 3 17288 1280 
16.699 -17.9319 4.64263 -7.38945 -3.7669 3 16808 1280 
16.1481 -5.64058 4.64263 -9.11924 -8.22871 3 16276 1536 
16.699 -17.9319 4.64263 4.97414 -3.10577 3 16388 1280 
-4.02806 0.331889 17.8449 -9.11924 -8.22871 3 15948 1280 
-8.79925 -8.41319 16.0993 -8.1877 -3.7669 3 15844 1280 
16.699 -17.9319 17.8449 -7.38945 0.549638 3 15820 1280 
16.699 -17.9319 4.64263 -7.38945 -3.7669 3 15792 1280 
16.699 -17.9319 4.64263 -8.19752 -3.10577 3 15376 1280 
-3.95291 0.331889 17.8449 -7.38945 -3.61309 3 13300 1024 
-8.79925 -8.41319 4.64263 -9.11924 -8.22871 3 12788 1280 
-8.79925 -8.41319 4.64263 -7.35701 -3.7669 3 12316 1024 
-3.95291 0.331889 17.8449 4.96323 -2.38272 3 12152 896 
-8.79925 -5.64058 0.0144963 2.53705 -3.7669 3 520 48 
