16.699 -17.9319 4.64263 4.96323 -2.38272 3 33504 2304 
16.699 -8.49798 16.0993 -8.1877 -3.7669 9 93332 7168 
16.1481 -5.64058 0.0144963 1.6129 -3.61309 9 90064 6912 
16.699 -17.9319 4.64263 4.97414 -3.10577 3 29672 2560 
16.699 -17.9319 4.64263 4.96323 -2.38272 9 88060 7168 
16.699 -17.9319 4.64263 -7.38945 -3.10577 6 58828 4608 
16.699 -17.9319 4.64263 -7.38945 0.549638 3 28856 2048 
16.699 -17.9319 4.64263 -7.38945 -3.7669 3 28564 2048 
16.1481 -5.64058 4.64263 -7.38945 0.549638 18 169664 13184 
16.699 -17.9319 4.64263 -7.38945 0.549638 39 363460 28800 
16.699 -17.9319 4.64263 -7.38945 0.549638 6 54144 4096 
16.1481 -5.64058 4.64263 -7.38945 0.549638 6 54044 4096 
16.699 -17.8051 4.64263 -7.38945 0.549638 6 53648 4096 
16.699 -17.9319 4.64263 -7.38945 -3.7669 9 79900 6144 
16.1775 -17.9319 4.64263 -8.13837 -3.10577 3 26244 2048 
16.1481 -5.64058 0.0144963 1.6129 -3.10577 9 73728 6144 
16.699 -17.9319 4.64263 -7.38945 -3.7669 12 97556 7424 
-3.95291 0.331889 17.8449 -7.38945 0.549638 12 96704 8192 
16.699 -17.9319 4.64263 -7.38945 -3.10577 3 24336 1792 
16.699 -17.9319 4.64263 -7.38945 0.549638 15 121052 9216 
-8.79925 -8.41319 16.0993 -8.1877 -3.7669 12 96568 7168 
16.1481 -17.9319 0.0144963 1.6129 -3.61309 3 24148 1792 
16.699 -17.9319 0.0144963 1.6113 -3.10577 6 48264 3584 
16.1775 -17.9319 4.64263 -7.38945 -3.10577 6 46696 3584 
16.1775 -8.20095 17.8449 -7.38945 0.549638 3 22624 1792 
16.699 -17.9319 4.64263 -7.38945 0.549638 3 22352 2048 
16.1775 -5.64058 4.64263 -7.38945 0.549638 3 22244 2048 
16.699 -17.9319 4.64263 4.97414 -3.10577 9 66104 5120 
16.1775 -17.9319 4.64263 -7.38945 0.549638 12 87176 7040 
16.1775 -8.41319 16.0993 -8.13837 -3.10577 21 150308 12416 
16.699 0.331889 17.8449 -7.38945 0.549638 9 64296 5120 
16.699 -17.9319 16.0993 -8.1877 -3.7669 6 42720 3328 
16.699 -17.9319 0.0144963 1.6129 -3.61309 6 41488 3328 
16.699 -8.41319 16.0993 -8.13837 -3.10577 3 20340 1536 
-3.95291 0.331889 17.8449 -7.38945 0.549638 3 20236 1536 
16.699 -8.49798 4.64263 -7.38945 -3.7669 3 20060 1536 
16.699 -17.9319 0.0144963 1.6129 0.549638 3 19476 1792 
16.699 -17.9319 4.15572 -7.38945 -3.10577 3 19680 1536 
16.699 -17.9319 0.0144963 1.6113 -3.10577 3 19184 1536 
16.699 -17.9319 16.0993 -8.1877 -3.7669 3 18868 1792 
16.1481 -5.64058 4.64263 -7.38945 0.549638 3 18408 1280 
16.699 -8.49798 16.0993 -8.1877 -3.7669 3 17824 1536 
16.699 -17.9319 4.64263 -7.38945 0.549638 3 17876 1280 
16.1775 -8.41319 16.0993 -8.13837 -2.38272 3 17116 1280 
16.699 -17.9319 0.0144963 1.6129 -3.61309 3 17096 1280 
16.699 -17.9319 4.64263 1.6129 -3.61309 3 17056 1280 
-8.79925 -17.9319 16.0993 -8.1877 -3.7669 3 15548 1280 
16.1775 -8.41319 16.0993 -8.13837 -3.10577 3 15420 1280 
16.1775 -8.20095 16.0993 -8.13837 -3.75509 6 25864 2176 
0.986511 20.23 -7.20771 2.82205 9.97253 3 4536 448 
