16.1775 -17.9319 4.64263 4.96323 -2.38272 3 38236 3072 
16.699 -17.9319 4.64263 -7.38945 0.549638 3 33644 2560 
16.699 -17.9319 4.64263 -7.38945 -3.10577 3 33396 2560 
16.1481 -5.64058 0.0144963 -8.1877 -3.7669 3 33260 2560 
16.699 -17.9319 4.20913 -7.38945 -3.7669 3 33064 2560 
16.1775 -17.9319 4.64263 -7.38945 0.549638 3 30852 2304 
16.699 -17.9319 4.64263 -7.38945 -3.7669 3 30548 2560 
16.699 -17.9319 4.64263 -7.38945 0.549638 3 29260 2048 
16.699 -8.49798 16.0993 -8.1877 -3.7669 12 113496 8960 
16.699 -17.9319 4.64263 -7.38945 0.549638 42 394492 31360 
16.1481 -5.64058 4.64263 -7.38945 0.549638 21 194800 15232 
16.1481 -5.64058 4.64263 -7.38945 0.549638 9 83884 6144 
16.699 -17.9319 4.64263 -7.38945 -3.10577 9 82168 6400 
16.699 -17.9319 4.64263 -7.38945 0.549638 9 82020 6144 
16.1481 -5.64058 0.0144963 1.6129 -3.61309 12 109016 8448 
16.1481 -5.64058 4.64263 -7.38945 0.549638 3 26612 2048 
16.699 -17.9319 4.64263 -7.38945 -3.7669 6 53076 3840 
16.1775 -17.9319 4.64263 -7.38945 0.549638 3 26172 2048 
16.1481 -5.64058 0.0144963 1.6129 -3.10577 12 102880 8704 
9.18683 -17.9319 4.64263 -7.38945 -3.7669 3 25712 2048 
16.699 -17.8051 4.64263 -7.38945 0.549638 9 76588 6144 
15.6644 -17.9319 4.64263 -7.38945 0.549638 3 25512 2048 
-3.95291 0.331889 17.8449 -7.38945 0.549638 15 125628 10240 
9.18683 16.8302 3.88577 -8.96847 -7.01529 6 49960 4352 
16.1775 -17.9319 4.64263 -7.38945 -3.10577 9 75616 5632 
16.699 -17.9319 4.64263 -7.38945 -3.10577 6 49748 3840 
16.699 -17.9319 4.64263 -7.38945 0.549638 18 146692 11008 
16.1775 -17.9319 4.64263 -8.13837 -3.10577 6 47788 3584 
16.699 -17.9319 4.64263 -8.13837 -3.10577 3 23840 1792 
16.699 -17.9319 4.64263 -7.38945 -3.7669 15 118904 8960 
16.699 -17.9319 4.64263 4.96323 -2.38272 6 47092 3328 
19.0962 -17.9319 4.64263 -8.13837 -3.10577 3 22908 2048 
16.699 -17.9319 4.64263 -7.38945 0.549638 6 46128 3584 
15.6644 24.7909 0.904111 5.84338 5.92456 6 43256 3328 
16.1481 -5.64058 4.64263 -7.38945 0.549638 3 20728 1536 
16.699 -17.9319 4.64263 4.96323 0.549638 3 20448 1536 
16.1481 -5.64058 4.64263 -7.38945 0.549638 3 19948 1792 
16.699 -17.9319 4.64263 -7.38945 -3.10577 3 18916 1536 
16.699 -17.9319 4.64263 1.6129 -3.61309 3 18604 1536 
16.699 -17.9319 4.64263 -7.38945 0.549638 3 15740 1280 
16.699 -17.9319 4.64263 -7.36453 -8.42158 3 12772 1024 
16.699 23.265 -0.661489 6.21265 5.97583 3 12432 1024 
-15.6522 2.72454 13.139 -1.6831 -0.168157 6 15296 1408 
4.83032 19.7249 19.2518 1.49815 -8.42158 6 11616 960 
16.5784 -24.3713 -11.0118 -0.193793 9.87487 6 11356 960 
19.0962 8.28349 -19.9522 2.13721 2.79214 6 8540 832 
-15.6522 2.72454 13.139 -1.6831 0.549638 3 3420 320 
-1.76778 23.265 -0.661489 6.21265 5.97583 6 4944 576 
-0.984985 -4.32066 17.0713 1.85949 1.56652 3 2252 224 
-21.437 3.59584 -20.1827 1.32969 -6.83828 3 952 112 
