3.1579 19.3281 7.82876 -7.35221 -1.04443 6 70352 5120 
16.1775 -17.9319 4.64263 -7.38945 -3.7669 3 29640 2560 
16.1775 -17.9319 4.64263 4.96323 -2.38272 24 229708 18176 
16.699 -5.64058 -0.29397 -8.1877 -3.7669 3 27216 2048 
2.24998 7.84097 0.0144963 -7.38945 -1.10854 6 53628 4096 
16.699 -18.0415 4.64263 -7.35221 -1.04443 3 26484 2048 
16.699 -17.9319 4.20913 -7.38945 -3.7669 3 26300 2048 
16.699 -5.64058 0.0144963 -8.1877 -3.7669 9 78680 6144 
2.24998 7.84097 19.9187 -8.1877 -3.7669 21 179476 13824 
16.1481 -5.64058 0.0144963 -7.38945 -1.1124 12 100968 7680 
3.1579 19.3281 7.82876 -7.35221 -0.657506 21 175764 14080 
16.1481 -5.64058 0.0144963 -8.1877 -3.7669 6 50464 3840 
3.1579 19.3281 7.82876 -7.35221 -0.657506 6 50332 3584 
3.1579 19.3281 7.82876 -7.35221 0.84872 18 149880 11520 
16.1481 -5.64058 0.0144963 -8.1877 -3.7669 24 199116 15744 
16.1775 -17.9319 4.64263 -7.38945 -3.27921 9 74224 5632 
16.699 -18.0415 4.64263 -7.38945 -3.31156 6 49208 3584 
16.699 -17.9319 4.64263 -7.38945 0.549638 24 194760 15744 
16.699 -17.9319 4.64263 -7.38945 -1.1124 15 121812 9472 
16.699 -17.9319 4.64263 -7.38945 0.84872 9 72608 5888 
16.699 -17.9319 7.82876 -7.35221 0.84872 12 96396 7552 
16.699 -17.9319 4.20913 -8.1877 -3.7669 3 23204 2048 
16.699 -18.0415 4.64263 -7.38945 -3.31156 15 116840 9216 
16.699 -17.9319 4.64263 -7.35221 -3.7669 3 23184 1792 
16.699 -15.022 -0.0740074 -3.47514 -3.27921 9 68852 5376 
16.1481 -5.64058 -0.438719 -8.1877 -3.27921 6 45680 3584 
16.1775 -2.0526 -0.820185 -3.76385 -3.31156 3 23064 1536 
4.79827 -1.6274 -0.627918 4.02753 -5.87634 6 44852 3584 
16.699 -17.9319 4.20913 -7.38945 -3.7669 24 178416 13952 
16.1775 -17.9319 4.64263 -7.38945 -3.27921 6 44828 3328 
16.1775 -2.0526 -0.820185 -3.76385 -8.91049 12 84208 6656 
19.1145 19.3281 7.82876 -7.35221 -1.1124 24 166704 14080 
16.8149 11.4895 2.26676 2.16651 -2.04443 3 20820 1536 
3.1579 19.3281 7.82876 -7.35221 -0.657506 3 20580 1536 
16.699 -17.9319 4.64263 -7.35221 0.84872 6 38596 3072 
16.699 -18.0415 4.64263 -7.38945 0.84872 3 18036 1536 
2.3339 13.9294 14.1263 -0.478835 -2.66457 6 35112 3072 
2.24998 7.84097 19.9187 -8.1877 -3.27921 3 17712 1280 
19.1145 19.3281 7.82876 -7.38945 -3.31156 3 17480 1280 
21.3149 -24.4507 -2.79473 9.93225 0.862758 3 17172 1280 
16.699 -17.9319 -0.627918 4.02753 -5.87634 3 16808 1280 
16.699 -5.70633 0.0144963 -7.38945 -3.31156 3 15220 1280 
16.699 -17.9319 -0.0740074 -3.47514 -3.27921 3 13488 1024 
3.1579 19.3281 7.82876 -7.35221 -0.657506 3 12372 1024 
3.1579 13.9294 14.1263 -0.478835 -2.66457 3 11468 1024 
3.1579 19.3281 7.82876 -7.35221 -3.31156 3 11164 1024 
0.684378 5.24384 -8.89538 3.9903 9.51292 3 5084 384 
7.25196 -17.7458 -6.94067 4.31928 3.73638 3 4984 320 
-3.22657 -17.4009 -8.3491 -1.15818 4.52376 3 900 64 
-23.2208 5.2591 -7.55715 -2.81106 -3.8908 3 472 64 
