20.4482 -7.39082 6.89032 0.475005 -0.164495 6 65044 5120 
20.4482 3.74583 1 3.1663 1.16916 6 58672 4096 
8.30332 -9.22498 5.01038 7.92352 0.214545 15 144672 9984 
20.4482 -7.39082 6.89032 0.17365 0.214545 15 140060 10496 
21.6552 24.678 14.7366 2.57546 -0.730918 27 246280 18560 
20.4482 -7.39082 6.89032 7.92352 -0.240532 6 54316 4096 
21.4339 1.74032 6.89032 0.17365 0.971404 3 26556 2304 
16.0303 3.74583 1 7.83258 -2.8312 3 26372 2048 
8.30332 -9.22498 5.01038 7.92352 0.214545 27 223192 15808 
20.4482 3.74583 1 3.1663 2.4601 9 72320 6144 
8.30332 3.74583 1 8.2337 0.214545 6 47840 3840 
8.30332 -9.22498 5.01038 7.92352 0.214545 18 140948 9984 
19.5265 -7.20708 6.89032 0.17365 0.971404 9 69432 5248 
20.4482 -7.39082 6.89032 0.17365 -0.164495 27 199484 15872 
16.0303 3.74583 1 -9.44029 -1.36876 6 44724 3072 
20.4482 -7.39082 6.89032 0.17365 -3.3771 3 22060 1664 
20.4482 3.74583 1 -9.01259 0.971404 3 20592 1536 
20.4482 -7.39082 6.89032 0.475005 -0.164495 3 20408 1536 
20.4482 -7.39082 6.89032 0.17365 -0.240532 12 79072 6656 
20.4482 -7.39082 6.89032 0.475005 -0.0808283 3 19384 1536 
20.4482 3.74583 7.302 0.17365 -3.86395 9 57772 4736 
20.4482 -7.39082 6.89032 7.92352 0.214545 9 57408 4224 
20.0909 -7.39082 6.89032 0.17365 -0.164495 6 37376 3072 
16.0303 3.74583 1 -0.911451 0.214545 6 35376 2816 
20.4482 -7.39082 6.89032 7.92352 -0.240532 6 35664 2432 
21.6552 24.678 6.89032 0.17365 -3.86395 9 51328 4608 
8.30332 3.74583 1.34301 3.1663 2.4601 3 17004 1536 
20.4482 17.6969 1 -0.950011 2.61391 6 34136 2560 
20.4482 -7.39082 6.89032 0.17365 -3.86395 9 48532 4096 
20.4482 17.6969 1 0.17365 -3.86395 3 15916 1280 
20.7106 20.8434 -1.26728 -0.950011 2.61391 12 62544 5376 
20.4482 -7.39082 6.89032 7.63984 -4.08612 3 14432 1280 
21.4339 1.74032 3.96054 -8.52718 1.16916 6 28768 2304 
21.6552 24.678 1 -0.950011 2.61391 6 27536 2304 
20.4482 -7.39082 6.89032 0.17365 -3.86395 3 13492 1024 
20.4482 -7.39082 6.89032 0.475005 -0.164495 3 13276 1024 
20.4482 -7.26055 6.89032 0.17365 -3.86395 3 11576 1024 
20.0909 -15.8109 10.3389 -9.01259 0.971404 6 20724 1920 
20.4482 -7.39082 7.25872 7.92352 2.01234 3 9776 768 
20.4482 -7.39082 6.89032 0.541536 2.61391 3 9548 896 
-5.96255 -22.8225 18.0845 -8.2281 1.21494 6 18660 1664 
20.0909 -15.8109 24.0692 0.559404 -6.85801 3 8324 640 
20.0909 -15.8109 24.0692 0.559404 -7.04031 3 7816 768 
5.31098 -14.7626 -15.6766 4.50545 4.18683 3 3280 320 
-18.6262 20.9685 -18.6705 7.92718 -0.155339 3 2116 208 
-10.0444 -6.30589 10.3298 -4.61043 4.04279 3 2088 208 
8.30332 -9.22498 6.60955 -4.47066 8.69259 3 1632 144 
-9.11512 0.600452 8.01492 9.10154 1.05319 3 1216 160 
10.6014 9.18226 -24.939 -7.87042 7.00797 3 1184 128 
-12.4722 -22.3083 13.0062 4.79659 3.29875 3 780 64 
