21.4676 16.6578 15.1376 0.889965 -0.488449 3 47036 3072 
21.0581 -1.82261 14.2148 0.945188 -0.488449 3 45708 3584 
21.4676 16.6578 15.1376 0.945188 -0.488449 12 160396 11776 
21.0038 16.6578 15.2932 0.945188 -0.488449 27 334152 24832 
21.0038 16.6578 15.2932 0.945188 -0.488449 6 74740 5120 
21.0581 -1.82261 14.8433 0.945188 -0.488449 9 111604 7936 
26.109 16.6578 15.1376 0.945188 -0.488449 27 327528 25856 
21.0581 -1.32545 14.8433 0.945188 0.00819396 9 109804 7680 
21.0581 -1.82261 15.1376 0.945188 -0.488449 24 290688 20736 
21.0038 -1.32545 15.5659 1.00761 -0.488449 3 36440 2560 
21.0581 -1.82261 14.7503 1.00761 -0.488449 18 210720 15360 
21.0581 -1.32545 15.5659 1.00761 -0.488449 3 34748 2560 
26.109 -1.69408 15.4173 1.52083 -0.488449 27 304024 22144 
21.0581 -1.82261 14.7503 0.945188 -0.488449 9 99408 8192 
26.109 16.6578 15.1376 0.945188 -0.488449 6 66180 4608 
26.109 16.6578 15.1376 0.945188 -0.488449 27 287472 21760 
21.0581 16.6578 15.1376 0.945188 -0.488449 9 95744 6656 
21.0038 16.6946 15.2932 0.945188 -0.488449 9 95032 7168 
21.0038 16.6578 15.1376 0.945188 -0.488449 6 61588 4608 
21.0581 -1.32545 15.1376 0.945188 -0.488449 9 91780 6656 
25.6517 21.084 15.5659 1.00761 -0.488449 3 30508 2048 
26.109 -1.69408 14.7503 1.00761 -0.488449 3 29932 2560 
21.0038 16.6946 15.2932 0.945188 -0.488449 3 29264 2048 
21.0581 -1.82261 14.8433 0.945188 -0.488449 6 57896 4608 
26.109 16.9112 15.1376 0.945188 -0.488449 21 201484 14208 
21.0581 -1.32545 15.1376 0.945188 -0.488449 6 57308 4352 
21.0581 -1.82261 14.8433 0.945188 -0.488449 9 85720 5888 
21.0581 -1.32545 15.5659 0.945188 -0.488449 6 55632 4096 
21.0581 -1.32545 15.1376 0.945188 -0.488449 15 137108 10240 
21.0038 16.6946 15.2932 0.945188 -0.488449 6 55304 3840 
21.0581 -1.32545 15.1376 0.945188 -0.488449 3 27164 2048 
21.0581 -1.82261 14.6082 1.00761 -0.488449 6 49084 3584 
26.109 -1.69408 14.7503 1.00761 -0.488449 6 48104 3584 
21.0038 16.6578 15.0894 -0.576342 -0.862362 3 21480 1792 
21.0038 16.6946 15.2932 0.945188 -0.488449 3 21284 1664 
18.5392 19.5912 15.0894 -0.576342 -0.862362 3 20832 1664 
26.109 16.6578 14.9667 0.945188 -0.488449 3 20640 1536 
21.0038 16.6578 -1.05823 -2.61473 -2.9555 3 19124 1536 
29.0645 33.9274 19.5665 -2.44316 -0.785455 3 18952 1536 
25.6517 21.084 29.817 1.77334 0.598682 6 35684 2816 
17.1824 33.1268 4.27854 -1.44227 -2.87347 3 15288 1152 
21.0581 -1.32545 15.1376 -1.48 -1.54244 6 29536 2816 
12.513 19.0515 -3.3517 0.190527 -2.43382 3 11516 1152 
26.109 -1.69408 14.7503 2.50157 -2.46971 3 11352 1024 
21.0581 -1.32545 14.8433 2.50157 -2.46971 3 10596 896 
-1.56774 -0.0433363 14.0855 2.69768 -1.02881 3 10044 832 
0.442824 23.2621 31.211 2.00937 0.619373 3 7916 640 
17.1645 14.2531 28.8859 -1.96341 2.176 3 7376 640 
-8.17621 34.0373 17.2854 -1.04053 -2.59239 3 7176 640 
-8.53877 5.05036 22.3832 2.50157 -2.46971 3 4888 448 
