30.9789 32.5404 28.2171 0.278787 -0.429304 6 97628 7168 
20.4482 24.678 14.6161 2.74385 -0.730918 6 93740 7168 
20.9081 16.6578 15.1376 0.945188 -0.235389 9 137208 10240 
25.3721 16.6578 14.9159 1.98575 -0.026841 3 45260 3584 
20.1411 24.9939 14.8093 1.98575 -0.235389 3 44560 3072 
20.8869 16.6578 15.1376 0.945188 -0.488449 12 168188 12032 
25.3721 16.6578 14.9159 0.945188 -0.488449 24 330688 23552 
17.8732 28.6785 0.838343 -1.79073 -1.34266 3 39584 3072 
20.1411 24.9939 14.4294 2.57546 -0.730918 12 153676 10752 
20.4482 24.9939 14.4294 2.57546 -0.730918 3 38488 2560 
8.30332 24.678 14.7366 0.475005 -0.240532 3 38476 2560 
20.4482 24.678 14.6161 0.6001 -0.237587 3 38472 2560 
21.6552 24.678 15.1376 0.6001 -0.237587 12 149884 12288 
21.6552 24.678 15.1376 0.6001 -0.026841 18 226160 16384 
20.3844 24.678 14.7366 1.14289 -0.923154 15 185684 13824 
20.9081 16.6578 15.1376 0.945188 -0.240532 6 74188 5632 
20.1411 24.9939 13.9849 2.57546 -0.606006 3 37032 2560 
20.9081 16.6578 15.1376 0.945188 -0.488449 15 181936 13056 
20.9081 16.2195 15.1376 0.6001 -0.237587 12 145436 10240 
20.3844 24.678 14.7366 2.57546 -0.730918 18 215868 14848 
20.4482 24.678 14.6161 2.74385 -0.730918 9 106840 8448 
20.9081 16.6578 15.1376 0.945188 0.364971 15 177088 12544 
20.0775 16.6578 15.1376 2.57546 -0.730918 3 35436 2560 
20.4482 24.678 14.6161 2.74385 -0.730918 21 243988 18560 
25.3721 16.6578 14.9159 1.98575 -0.026841 9 104288 7680 
8.30332 24.678 14.7366 0.475005 -0.638752 15 172520 13568 
20.0775 16.6578 15.1376 0.945188 -0.488449 6 69612 4608 
25.3721 16.6578 14.9159 0.945188 -0.026841 18 204272 15360 
20.9081 16.6578 15.1376 0.945188 -0.488449 24 269220 20480 
20.4482 24.678 14.6161 2.74385 -0.730918 15 167616 11776 
30.9789 32.5404 28.2171 0.278787 0.696509 3 30860 2560 
20.9081 16.6578 15.1376 0.945188 0.364971 6 60516 4608 
20.4754 20.4921 12.8372 -0.438643 0.971404 9 89572 7424 
16.7841 -8.86288 26.8397 -1.92312 -0.606006 6 55852 4096 
28.9889 24.3759 -1.87811 0.946593 -0.707633 3 27272 2304 
16.8212 28.7678 7.18314 0.0636311 0.80633 6 55148 3840 
16.7841 -8.86288 26.8962 -1.92312 -0.488449 3 27284 2048 
16.8212 28.7678 7.18314 0.0636311 0.80633 3 26528 1792 
27.5181 20.4921 26.8397 -1.92312 -0.606006 3 25572 1792 
20.9081 16.2195 15.1376 0.6001 -0.237587 9 72788 5504 
27.5181 20.4921 12.8372 -0.438643 -0.237587 6 43032 3328 
14.7859 23.074 26.153 2.12418 -2.52959 3 18596 1536 
0.283517 20.0499 26.1914 -0.829768 -1.2002 3 17800 1280 
20.1411 24.9939 14.8093 1.98575 -2.95935 6 34464 2816 
9.38185 19.8741 11.6245 2.52684 -2.33567 6 33768 2560 
21.6552 24.678 15.1376 -0.689688 -1.26118 3 16080 1280 
30.9789 32.5404 28.2171 2.57546 -0.730918 3 13952 1024 
9.38185 19.8741 11.6245 2.52684 -2.33567 3 10612 1024 
5.4912 -8.82443 -3.11274 2.5327 0.979003 3 5004 448 
3.62209 2.32566 24.049 -0.469588 1.07825 3 4208 320 
